-59,-21,160,-62,92675,1405
-59,-21,160,-62,80187,1489
-59,-21,160,-62,46233,1538
-59,-21,160,-62,46650,1603
-59,-21,160,-62,46319,1666
-58,-22,160,-61,46970,1730
-55,-25,160,-51,46378,1792
-56,-24,160,-54,46422,1855
-53,-27,160,-42,46322,1918
-49,-31,160,-30,46752,1982
-46,-34,160,-19,46561,2045
-42,-38,160,-8,46414,2108
-39,-41,160,3,53849,2179
-35,-45,160,15,50655,2240
-34,-46,160,21,46522,2299
-30,-50,160,33,46524,2363
-27,-53,160,43,47473,2427
-25,-55,160,49,53947,2496
-24,-56,160,53,53983,2559
-24,-56,160,54,53840,2623
-24,-56,160,54,53917,2686
-25,-55,160,51,53965,2749
-26,-54,160,46,53844,2813
-29,-51,160,37,53880,2877
-30,-50,160,32,53887,2940
-33,-47,160,22,53958,3003
-36,-44,160,12,53912,3066
-39,-41,160,2,53799,3129
-42,-38,160,-8,53821,3192
-45,-35,160,-18,53737,3256
-48,-32,160,-26,53801,3319
-50,-30,160,-34,53784,3382
-52,-28,160,-40,53737,3446
-53,-27,160,-44,53693,3510
-54,-26,160,-46,53724,3573
-54,-26,160,-47,53776,3637
-54,-26,160,-46,53712,3700
-53,-27,160,-43,53729,3763
-51,-29,160,-38,53765,3826
-49,-31,160,-31,53784,3889
-47,-33,160,-24,53735,3953
-45,-35,160,-16,53834,4016
-42,-38,160,-7,53781,4079
-40,-40,160,1,53876,4143
-37,-43,160,10,53963,4207
-36,-44,160,14,53940,4271
-33,-47,160,22,53968,4333
-31,-49,160,30,54013,4397
-29,-51,160,36,51089,4458
-28,-52,160,40,46379,4516
-28,-52,160,41,52847,4586
-28,-52,160,41,54006,4651
-28,-52,160,39,53874,4714
-29,-51,160,35,53921,4778
-32,-48,160,28,53868,4842
-33,-47,160,24,53905,4905
-35,-45,160,16,53912,4968
-38,-42,160,8,53846,5031
-40,-40,160,1,53841,5095
-42,-38,160,-7,53867,5158
-44,-36,160,-14,53758,5221
-46,-34,160,-21,53798,5285
-48,-32,160,-27,53746,5348
-50,-30,160,-32,53714,5411
-51,-29,160,-35,53666,5475
-51,-29,160,-35,53762,5539
-51,-29,160,-36,53686,5602
-51,-29,160,-35,53770,5665
-50,-30,160,-34,53822,5728
-49,-31,160,-30,53694,5791
-48,-32,160,-25,53776,5854
-46,-34,160,-19,53816,5917
-44,-36,160,-12,53717,5981
-42,-38,160,-6,53813,6044
-40,-40,160,0,53929,6108
-38,-42,160,7,53891,6172
-37,-43,160,10,53915,6235
-35,-45,160,16,53954,6298
-34,-46,160,21,54001,6361
-32,-48,160,26,53985,6424
-31,-49,160,30,54162,6488
-30,-50,160,32,54155,6551
-30,-50,160,33,53987,6614
-30,-50,160,34,54589,6678
-30,-50,160,34,54371,6742
-30,-50,160,33,54315,6805
-30,-50,160,32,54572,6869
-31,-49,160,30,54288,6931
-32,-48,160,28,54197,6995
-32,-48,160,26,54716,7058
-33,-47,160,24,54051,7121
-33,-47,160,23,54795,7185
-32,-48,160,27,54116,7247
-31,-49,160,30,54679,7311
-30,-50,160,32,54184,7375
-30,-50,160,34,54764,7439
-29,-51,160,38,54043,7502
-27,-53,160,43,54592,7565
-26,-54,160,48,54137,7628
-24,-56,160,53,54622,7691
-23,-57,160,56,54050,7754
-22,-58,160,60,54813,7818
-24,-56,160,54,54112,7881
-23,-57,160,56,54692,7944
-23,-57,160,58,54138,8008
-22,-58,160,59,54649,8072
-22,-58,160,60,54069,8134
-22,-58,160,61,54605,8197
-21,-59,160,62,53984,8260
-20,-60,160,65,54599,8324
-20,-60,160,67,54064,8387
-19,-61,160,71,54758,8451
-17,-63,160,76,54032,8513
-16,-64,160,79,54550,8577
-15,-65,160,82,53946,8640
-14,-66,160,85,54514,8704
-14,-66,160,86,53903,8767
-13,-67,160,90,54424,8830
-12,-68,160,94,53854,8893
-10,-70,160,101,54430,8957
-9,-71,160,103,53884,9019
-8,-72,160,105,54580,9084
-8,-72,160,107,53889,9146
-7,-73,160,110,54491,9210
-6,-74,160,113,53899,9273
-5,-75,160,115,54535,9337
-5,-75,160,117,53866,9400
-4,-76,160,120,54346,9463
-3,-77,160,123,53772,9526
-2,-78,160,125,54333,9589
-2,-78,160,128,53730,9652
-1,-79,160,130,54499,9716
-1,-79,160,131,53770,9779
0,-80,160,134,54266,9843
1,-81,160,136,53721,9906
1,-81,160,137,54270,9970
2,-82,160,139,53712,10033
2,-82,160,141,54403,10097
3,-83,160,142,53803,10159
3,-83,160,142,54233,10223
3,-83,160,142,53659,10285
2,-82,160,140,54412,10349
2,-82,160,139,53652,10412
1,-81,160,137,54268,10476
0,-80,160,134,53852,10539
-2,-78,160,127,54304,10603
-2,-78,160,125,53832,10666
-4,-76,160,120,54534,10729
-9,-71,160,103,54020,10792
-12,-68,160,92,54620,10856
-18,-62,160,74,54345,10919
-23,-57,160,57,54355,10982
-29,-51,160,37,54628,11046
-35,-45,160,16,54350,11109
-41,-39,160,-3,54262,11173
-44,-36,160,-12,54058,11236
-49,-31,160,-31,54657,11300
-54,-26,160,-45,54147,11363
-57,-23,160,-55,54562,11426
-59,-21,160,-63,53902,11489
-60,-20,160,-66,54423,11552
-60,-20,160,-66,53944,11615
-59,-21,160,-64,54702,11679
-58,-22,160,-59,54117,11742
-55,-25,160,-50,54777,11807
-52,-28,160,-39,54245,11869
-50,-30,160,-32,54513,11933
-45,-35,160,-16,54141,11995
-41,-39,160,-2,54765,12059
-36,-44,160,13,54008,12122
-32,-48,160,27,54583,12185
-28,-52,160,40,54222,12248
-24,-56,160,52,54685,12312
-22,-58,160,61,54067,12375
-20,-60,160,66,54654,12439
-19,-61,160,69,54066,12502
-20,-60,160,68,54557,12566
-20,-60,160,67,54093,12629
-22,-58,160,61,54748,12693
-24,-56,160,52,54043,12755
-28,-52,160,39,54457,12818
-33,-47,160,24,54016,12882
-38,-42,160,7,54493,12945
-43,-37,160,-9,54070,13008
-48,-32,160,-28,54644,13073
-61,-19,160,-69,53924,13136
-59,-21,160,-62,54727,13200
-64,-16,160,-79,54227,13262
-67,-13,160,-91,54873,13326
-70,-10,160,-99,54160,13389
-71,-9,160,-104,54664,13452
-72,-8,160,-105,54120,13516
-71,-9,160,-102,54633,13579
-70,-10,160,-101,54056,13642
-70,-10,160,-99,54689,13706
-69,-11,160,-95,54069,13770
-68,-12,160,-93,54607,13834
-67,-13,160,-90,54135,13897
-66,-14,160,-86,54745,13960
-63,-17,160,-77,54060,14023
-63,-17,160,-77,54740,14087
-62,-18,160,-73,54251,14150
-60,-20,160,-68,54733,14214
-59,-21,160,-64,54178,14276
-57,-23,160,-58,54994,14341
-56,-24,160,-53,54346,14404
-55,-25,160,-51,55045,14468
-54,-26,160,-48,54546,14531
-54,-26,160,-46,54891,14594
-54,-26,160,-45,54344,14657
-53,-27,160,-44,54958,14720
-54,-26,160,-45,54378,14783
-54,-26,160,-45,55012,14847
-54,-26,160,-46,54292,14910
-54,-26,160,-47,54878,14974
-54,-26,160,-47,54326,15037
-54,-26,160,-47,54766,15101
-54,-26,160,-47,54258,15164
-54,-26,160,-47,54959,15228
-53,-27,160,-44,54399,15290
-51,-29,160,-37,54865,15354
-47,-33,160,-24,54603,15417
-41,-39,160,-3,54544,15480
-19,-61,160,69,54934,15544
-14,-66,160,86,54762,15607
-29,-51,160,37,54951,15671
-27,-53,160,43,54887,15734
-26,-54,160,46,54990,15798
-25,-55,160,51,55038,15860
-23,-57,160,58,54836,15924
-21,-59,160,62,54927,15987
-20,-60,160,68,55053,16050
-16,-64,160,80,54956,16114
-12,-68,160,92,54770,16177
-10,-70,160,100,54778,16240
-8,-72,160,108,54627,16304
-7,-73,160,110,54650,16367
-6,-74,160,114,54568,16431
-5,-75,160,117,54540,16493
-4,-76,160,119,54530,16557
-5,-75,160,118,54596,16620
-5,-75,160,116,54540,16683
-6,-74,160,114,54700,16746
-7,-73,160,110,54669,16810
-9,-71,160,103,54713,16873
-13,-67,160,91,54858,16937
-18,-62,160,74,54880,17001
-20,-60,160,66,54971,17064
-25,-55,160,49,54988,17127
-30,-50,160,33,54981,17190
-35,-45,160,17,54893,17254
-39,-41,160,4,54867,17317
-43,-37,160,-10,54890,17381
-47,-33,160,-24,54751,17444
-52,-28,160,-40,54740,17507
-55,-25,160,-50,54678,17571
-57,-23,160,-56,54665,17634
-57,-23,160,-58,54716,17698
-58,-22,160,-59,54628,17761
-57,-23,160,-57,54683,17824
-56,-24,160,-53,54751,17888
-54,-26,160,-45,54664,17951
-51,-29,160,-35,54675,18015
-45,-35,160,-18,54734,18078
-42,-38,160,-5,54665,18142
-38,-42,160,8,54655,18205
-34,-46,160,19,54738,18269
-32,-48,160,25,54762,18332
-29,-51,160,37,54779,18395
-25,-55,160,49,54896,18458
-23,-57,160,57,54845,18521
-21,-59,160,63,54735,18584
-20,-60,160,66,54761,18648
-20,-60,160,66,54789,18711
-21,-59,160,64,54780,18775
-22,-58,160,60,54831,18838
-24,-56,160,53,54736,18902
-25,-55,160,49,54774,18965
-28,-52,160,39,54811,19029
-32,-48,160,28,54727,19092
-35,-45,160,17,54698,19155
-38,-42,160,7,54627,19218
-41,-39,160,-3,54599,19281
-44,-36,160,-14,54641,19345
-48,-32,160,-25,54615,19408
-51,-29,160,-36,54477,19471
-54,-26,160,-46,54560,19535
-54,-26,160,-48,54653,19599
-56,-24,160,-52,54518,19662
-56,-24,160,-54,54615,19725
-56,-24,160,-53,54632,19788
-55,-25,160,-50,54528,19851
-53,-27,160,-43,54469,19914
-50,-30,160,-32,54628,19978
-47,-33,160,-22,54571,20041
-43,-37,160,-10,54592,20105
-30,-50,160,33,54770,20169
-29,-51,160,35,54718,20232
-27,-53,160,44,54742,20296
-24,-56,160,52,54829,20359
-23,-57,160,58,54980,20422
-21,-59,160,63,54912,20485
-20,-60,160,67,54965,20548
-20,-60,160,67,54940,20612
-21,-59,160,63,54792,20675
-23,-57,160,58,54682,20738
-26,-54,160,47,54721,20802
-29,-51,160,37,54565,20866
-30,-50,160,32,54465,20929
-30,-50,160,32,54449,20991
-31,-49,160,30,54669,21055
-29,-51,160,38,54496,21118
-23,-57,160,57,54440,21181
-7,-73,160,110,54607,21245
1,-81,160,137,54514,21308
4,-84,160,145,54401,21371
5,-85,160,150,54387,21435
6,-86,160,153,54346,21498
6,-86,160,153,54317,21562
7,-87,160,155,54338,21625
7,-87,160,155,54485,21688
6,-86,160,153,54306,21751
5,-85,160,151,54298,21814
4,-84,160,148,54430,21878
4,-84,160,146,54319,21941
3,-83,160,142,54449,22005
2,-82,160,139,54597,22068
0,-80,160,132,54515,22132
-1,-79,160,129,54727,22196
-3,-77,160,122,54807,22258
-8,-72,160,107,54972,22322
-15,-65,160,83,54859,22385
-21,-59,160,63,54779,22448
-29,-51,160,35,54918,22512
-37,-43,160,10,54808,22575
-44,-36,160,-12,54729,22638
-50,-30,160,-33,54689,22702
-56,-24,160,-53,54568,22766
-58,-22,160,-60,54569,22829
-62,-18,160,-73,54514,22892
-65,-15,160,-82,54548,22956
-66,-14,160,-86,54543,23019
-66,-14,160,-86,54455,23082
-65,-15,160,-83,54548,23145
-63,-17,160,-76,54560,23209
-60,-20,160,-66,54498,23272
-56,-24,160,-54,54513,23335
-52,-28,160,-39,54533,23400
-50,-30,160,-32,54599,23463
-44,-36,160,-14,54683,23526
-40,-40,160,-1,54792,23589
-37,-43,160,11,54740,23652
-26,-54,160,46,54504,23715
-23,-57,160,56,54707,23779
-19,-61,160,70,54758,23842
-17,-63,160,78,54756,23905
-15,-65,160,84,54792,23969
-14,-66,160,87,54744,24033
-14,-66,160,88,54842,24097
-14,-66,160,87,54788,24160
-15,-65,160,82,54796,24223
-18,-62,160,74,54748,24286
-21,-59,160,63,54654,24349
-28,-52,160,40,54682,24412
-31,-49,160,31,54703,24476
-37,-43,160,11,54673,24539
-41,-39,160,-5,54642,24602
-46,-34,160,-19,54475,24666
-50,-30,160,-34,54490,24730
-52,-28,160,-41,54461,24792
-56,-24,160,-52,54517,24855
-58,-22,160,-60,54501,24919
-59,-21,160,-64,54496,24982
-60,-20,160,-67,54564,25045
-60,-20,160,-65,54635,25109
-46,-34,160,-21,54628,25172
-41,-39,160,-3,54640,25235
-36,-44,160,12,54549,25299
-36,-44,160,12,54609,25362
-35,-45,160,16,54705,25426
-32,-48,160,25,54768,25489
-29,-51,160,36,54803,25552
-27,-53,160,43,54765,25616
-25,-55,160,49,54750,25679
-7,-73,160,111,54531,25742
-22,-58,160,60,54589,25805
-23,-57,160,56,54564,25869
-24,-56,160,53,54434,25932
-24,-56,160,53,54544,25996
-23,-57,160,55,54554,26059
-17,-63,160,78,54524,26122
1,-81,160,135,54519,26185
3,-83,160,142,54460,26249
4,-84,160,148,54433,26312
5,-85,160,150,54433,26375
6,-86,160,152,54411,26438
6,-86,160,153,54344,26501
6,-86,160,154,54279,26565
5,-85,160,151,54365,26629
5,-85,160,150,54358,26692
4,-84,160,148,54365,26755
4,-84,160,145,54354,26818
3,-83,160,142,54397,26882
1,-81,160,138,54475,26945
0,-80,160,132,54663,27008
-2,-78,160,126,54680,27072
-5,-75,160,117,54828,27135
-11,-69,160,96,54831,27199
-18,-62,160,73,54798,27262
-22,-58,160,61,54881,27326
-29,-51,160,37,54822,27388
-36,-44,160,12,54788,27452
-44,-36,160,-12,54750,27515
-50,-30,160,-34,54697,27578
-56,-24,160,-52,54674,27641
-60,-20,160,-66,54507,27705
-63,-17,160,-78,54535,27768
-66,-14,160,-85,54489,27832
-66,-14,160,-88,54511,27895
-66,-14,160,-87,54555,27959
-65,-15,160,-84,54498,28022
-63,-17,160,-77,54604,28085
-60,-20,160,-68,54591,28148
-57,-23,160,-56,54568,28211
-52,-28,160,-40,54600,28275
-47,-33,160,-22,54646,28339
-41,-39,160,-4,54748,28402
-36,-44,160,13,54642,28466
-30,-50,160,32,54739,28529
-28,-52,160,41,54757,28592
-23,-57,160,57,54656,28656
-19,-61,160,71,54816,28719
-16,-64,160,79,54754,28782
-15,-65,160,84,54766,28845
-14,-66,160,86,54774,28909
-15,-65,160,83,54743,28973
-16,-64,160,80,54784,29036
