-55,-25,160,-51,97520,13500
-55,-25,160,-51,74923,13578
-55,-25,160,-51,47711,13629
-55,-25,160,-51,47580,13692
-55,-25,160,-51,47420,13756
-55,-25,160,-51,47978,13820
-54,-26,160,-48,47416,13882
-54,-26,160,-46,47929,13945
-52,-28,160,-39,47491,14008
-50,-30,160,-32,47854,14072
-47,-33,160,-22,47749,14135
-44,-36,160,-13,47614,14198
-41,-39,160,-3,47548,14261
-38,-42,160,6,47872,14325
-35,-45,160,16,47750,14389
-34,-46,160,21,47698,14452
-31,-49,160,31,47816,14515
-28,-52,160,40,47934,14578
-26,-54,160,45,47763,14641
-26,-54,160,48,47698,14704
-26,-54,160,47,47551,14768
-26,-54,160,47,48101,14831
-27,-53,160,44,47603,14894
-29,-51,160,38,48026,14958
-31,-49,160,29,47537,15021
-32,-48,160,25,48156,15085
-35,-45,160,16,54508,15154
-38,-42,160,6,54395,15217
-41,-39,160,-2,47566,15274
-43,-37,160,-11,52778,15342
-46,-34,160,-19,55289,15408
-48,-32,160,-26,55858,15472
-50,-30,160,-32,51958,15532
-51,-29,160,-37,48623,15592
-52,-28,160,-40,48273,15655
-52,-28,160,-40,49583,15720
-52,-28,160,-40,55890,15790
-52,-28,160,-39,56272,15854
-51,-29,160,-36,55845,15918
-49,-31,160,-31,56449,15982
-48,-32,160,-25,55796,16046
-45,-35,160,-17,56252,16110
-43,-37,160,-10,48170,16166
-41,-39,160,-4,50066,16231
-39,-41,160,4,55959,16300
-37,-43,160,11,55818,16365
-36,-44,160,14,55078,16429
-34,-46,160,21,47705,16485
-32,-48,160,27,50312,16551
-31,-49,160,31,54675,16618
-30,-50,160,33,54127,16680
-30,-50,160,34,54437,16744
-30,-50,160,33,53927,16806
-31,-49,160,31,54599,16871
-32,-48,160,27,53907,16933
-33,-47,160,22,54579,16997
-35,-45,160,16,54102,17061
-36,-44,160,13,54533,17125
-38,-42,160,7,53887,17187
-40,-40,160,0,71207,17268
-42,-38,160,-5,70605,17343
-43,-37,160,-11,71178,17418
-45,-35,160,-16,66715,17488
-46,-34,160,-21,71573,17563
-47,-33,160,-24,70472,17638
-48,-32,160,-27,66717,17708
-48,-32,160,-28,54290,17766
-49,-31,160,-29,54812,17830
-48,-32,160,-28,54192,17893
-48,-32,160,-25,55039,17957
-46,-34,160,-21,54591,18019
-45,-35,160,-16,54969,18083
-43,-37,160,-9,54661,18146
-40,-40,160,-1,54588,18209
-38,-42,160,8,54839,18273
-35,-45,160,18,54800,18337
-31,-49,160,30,54977,18400
-26,-54,160,47,54683,18463
-22,-58,160,61,54683,18527
-20,-60,160,65,54601,18591
-19,-61,160,71,55196,18655
-17,-63,160,78,54604,18718
-15,-65,160,82,55072,18782
-16,-64,160,79,54388,18844
-16,-64,160,79,54925,18908
-17,-63,160,77,54436,18971
-18,-62,160,74,54942,19035
-19,-61,160,71,54453,19098
-20,-60,160,68,55016,19162
-21,-59,160,64,54443,19226
-20,-60,160,65,55147,19290
-22,-58,160,60,54419,19352
-23,-57,160,57,55306,19416
-23,-57,160,55,54676,19479
-24,-56,160,53,55139,19543
-24,-56,160,52,54470,19605
-24,-56,160,52,55302,19669
-25,-55,160,50,54564,19732
-25,-55,160,51,55103,19796
-24,-56,160,53,54582,19859
-6,-74,160,114,55013,19923
-3,-77,160,122,54379,19986
-20,-60,160,65,55087,20050
-18,-62,160,73,54537,20113
-17,-63,160,78,55035,20177
-15,-65,160,84,54441,20239
-13,-67,160,90,54923,20304
-13,-67,160,90,54346,20367
-13,-67,160,90,54923,20430
-11,-69,160,98,54342,20493
-10,-70,160,100,54908,20558
-10,-70,160,101,54359,20621
-9,-71,160,104,54874,20684
-8,-72,160,107,54359,20747
-7,-73,160,110,54878,20810
-6,-74,160,114,54228,20873
-5,-75,160,117,54745,20937
-4,-76,160,120,54283,21000
-3,-77,160,123,54770,21064
-2,-78,160,126,54210,21127
-1,-79,160,130,54788,21191
-1,-79,160,131,54200,21254
0,-80,160,134,54671,21318
1,-81,160,138,54264,21381
2,-82,160,140,54869,21444
3,-83,160,142,54277,21507
3,-83,160,142,54849,21571
2,-82,160,141,54298,21633
2,-82,160,140,54747,21697
2,-82,160,139,54792,21761
1,-81,160,136,54749,21825
0,-80,160,134,54185,21888
-1,-79,160,129,54808,21951
-3,-77,160,124,54314,22014
-4,-76,160,119,55048,22078
-9,-71,160,104,54524,22140
-13,-67,160,90,55079,22204
-18,-62,160,72,54818,22267
-23,-57,160,55,55293,22331
-30,-50,160,33,55000,22394
-36,-44,160,13,54986,22458
-42,-38,160,-7,55003,22521
-45,-35,160,-17,54439,22584
-54,-26,160,-47,54841,22648
-54,-26,160,-48,54477,22711
-57,-23,160,-58,55009,22775
-60,-20,160,-65,54516,22837
-60,-20,160,-68,54976,22902
-60,-20,160,-67,54361,22965
-59,-21,160,-64,54891,23028
-57,-23,160,-56,54506,23091
-54,-26,160,-46,54937,23156
-52,-28,160,-41,54357,23219
-48,-32,160,-27,55367,23282
-43,-37,160,-10,54793,23345
-39,-41,160,4,55048,23409
-35,-45,160,18,54486,23471
-30,-50,160,33,55299,23535
-26,-54,160,46,54721,23598
-23,-57,160,57,55094,23662
-20,-60,160,65,54541,23725
-19,-61,160,69,55168,23790
-19,-61,160,70,54574,23852
-19,-61,160,70,55111,23916
-20,-60,160,67,54690,23979
-22,-58,160,60,55065,24043
-25,-55,160,50,54462,24105
-29,-51,160,37,54888,24169
-34,-46,160,21,54448,24232
-39,-41,160,3,55311,24296
-44,-36,160,-12,54834,24359
-50,-30,160,-33,55219,24423
-62,-18,160,-74,54456,24486
-60,-20,160,-66,55374,24550
-65,-15,160,-82,54787,24613
-68,-12,160,-93,55321,24677
-70,-10,160,-100,54652,24740
-72,-8,160,-105,55426,24803
-72,-8,160,-106,54878,24867
-71,-9,160,-102,55100,24931
-70,-10,160,-101,54497,24994
-69,-11,160,-98,55458,25058
-68,-12,160,-94,54852,25122
-68,-12,160,-92,55052,25185
-67,-13,160,-89,54526,25248
-64,-16,160,-79,55480,25312
-64,-16,160,-81,54839,25375
-63,-17,160,-76,55072,25438
-62,-18,160,-72,54543,25501
-60,-20,160,-67,55443,25565
-59,-21,160,-62,54899,25628
-57,-23,160,-55,55185,25692
-55,-25,160,-50,54505,25755
-54,-26,160,-46,55377,25819
-53,-27,160,-44,54791,25882
-53,-27,160,-42,55264,25946
-52,-28,160,-41,54779,26009
-52,-28,160,-40,55281,26072
-52,-28,160,-40,54746,26135
-53,-27,160,-42,55235,26199
-53,-27,160,-43,54812,26262
-53,-27,160,-43,55302,26326
-53,-27,160,-44,54776,26389
-53,-27,160,-44,55294,26453
-54,-26,160,-45,54700,26516
-54,-26,160,-45,55444,26580
-53,-27,160,-43,55009,26643
-51,-29,160,-38,55557,26707
-47,-33,160,-24,54961,26770
-42,-38,160,-5,55266,26834
-35,-45,160,15,54900,26897
-15,-65,160,84,54611,26960
-29,-51,160,37,54724,27023
-27,-53,160,42,54689,27087
-26,-54,160,46,54661,27151
-25,-55,160,51,54651,27214
-23,-57,160,57,54744,27277
-21,-59,160,64,54719,27341
-19,-61,160,71,54614,27404
-15,-65,160,84,54565,27467
-12,-68,160,92,54578,27530
-9,-71,160,102,54439,27593
-7,-73,160,110,54507,27657
-5,-75,160,118,54440,27720
-4,-76,160,121,54282,27784
-4,-76,160,121,54246,27847
-3,-77,160,122,54222,27910
-3,-77,160,122,54332,27974
-4,-76,160,120,54268,28037
-5,-75,160,118,54330,28100
-6,-74,160,114,54434,28164
-8,-72,160,107,54498,28228
-11,-69,160,96,54768,28291
-17,-63,160,78,54575,28355
-22,-58,160,60,54826,28419
-24,-56,160,52,54754,28482
-29,-51,160,35,54782,28545
-35,-45,160,18,54675,28608
-39,-41,160,3,54602,28671
-43,-37,160,-11,54499,28734
-46,-34,160,-21,54394,28797
-53,-27,160,-43,54518,28861
-56,-24,160,-53,54529,28924
-58,-22,160,-60,54426,28987
-59,-21,160,-62,54374,29051
-59,-21,160,-63,54404,29115
-58,-22,160,-61,54449,29178
-58,-22,160,-59,54457,29241
-56,-24,160,-52,54382,29304
-52,-28,160,-41,54363,29367
-48,-32,160,-25,54486,29431
-43,-37,160,-10,54494,29495
-39,-41,160,4,54566,29558
-35,-45,160,16,54452,29621
-31,-49,160,29,54528,29685
-29,-51,160,35,54632,29749
-26,-54,160,48,54601,29812
-23,-57,160,58,54593,29875
-20,-60,160,65,54658,29939
-19,-61,160,69,54590,30002
-19,-61,160,70,54521,30065
-20,-60,160,68,54668,30128
-20,-60,160,65,54523,30191
-22,-58,160,59,54548,30255
-25,-55,160,51,54497,30318
-28,-52,160,40,54486,30382
-30,-50,160,33,54429,30445
-34,-46,160,21,54548,30509
-37,-43,160,11,54586,30572
-40,-40,160,0,54320,30635
-43,-37,160,-11,54360,30698
-47,-33,160,-23,54379,30762
-51,-29,160,-35,54371,30825
-54,-26,160,-45,54337,30889
-55,-25,160,-51,54292,30952
-56,-24,160,-54,54294,31016
-57,-23,160,-55,54280,31079
-57,-23,160,-55,54289,31142
-56,-24,160,-53,54310,31205
-54,-26,160,-48,54233,31268
-51,-29,160,-38,54309,31331
-48,-32,160,-26,54327,31395
-45,-35,160,-15,54435,31458
-32,-48,160,28,54552,31522
-29,-51,160,37,54747,31586
-26,-54,160,46,54636,31650
-25,-55,160,50,54575,31713
-23,-57,160,57,54708,31776
-21,-59,160,63,54696,31839
-20,-60,160,68,54735,31903
-19,-61,160,69,54660,31966
-20,-60,160,66,54571,32029
-21,-59,160,62,54585,32092
-24,-56,160,53,54569,32156
-27,-53,160,44,54342,32219
-31,-49,160,31,54168,32283
-30,-50,160,34,54194,32347
-31,-49,160,31,54338,32410
-29,-51,160,35,54321,32472
-26,-54,160,48,54324,32536
-16,-64,160,79,54345,32599
-1,-79,160,129,54249,32662
2,-82,160,140,54248,32725
4,-84,160,146,54172,32788
5,-85,160,150,54176,32851
6,-86,160,152,54099,32916
6,-86,160,153,54142,32979
6,-86,160,154,54156,33042
6,-86,160,153,54111,33105
5,-85,160,151,54108,33168
4,-84,160,148,54100,33231
4,-84,160,145,54070,33294
3,-83,160,142,54160,33358
1,-81,160,138,54287,33421
-1,-79,160,131,54312,33484
-2,-78,160,125,54687,33548
-4,-76,160,121,54531,33612
-8,-72,160,105,54564,33675
-16,-64,160,81,54745,33738
-23,-57,160,58,54590,33801
-31,-49,160,29,54533,33864
-38,-42,160,5,54521,33927
-45,-35,160,-16,54480,33991
-51,-29,160,-38,54416,34054
-57,-23,160,-58,54395,34117
-62,-18,160,-72,54291,34181
-63,-17,160,-77,54254,34244
-66,-14,160,-85,54259,34307
-67,-13,160,-89,54336,34371
-66,-14,160,-88,54231,34434
-65,-15,160,-84,54295,34497
-63,-17,160,-77,54212,34560
-60,-20,160,-65,54312,34624
-56,-24,160,-52,54308,34687
-51,-29,160,-36,54431,34751
-46,-34,160,-19,54393,34815
-43,-37,160,-11,54524,34879
-40,-40,160,0,54535,34942
-36,-44,160,14,54549,35005
-24,-56,160,54,54589,35068
-21,-59,160,63,54526,35132
-18,-62,160,74,54481,35195
-16,-64,160,81,54521,35259
-14,-66,160,86,54620,35323
-13,-67,160,90,54596,35386
-13,-67,160,91,54621,35449
-14,-66,160,87,54658,35513
-15,-65,160,84,54540,35577
-17,-63,160,76,54620,35640
-20,-60,160,66,54449,35703
-28,-52,160,41,54563,35766
-31,-49,160,31,54424,35829
-36,-44,160,13,54419,35892
-41,-39,160,-2,54358,35956
-45,-35,160,-16,54366,36019
-50,-30,160,-32,54192,36082
-54,-26,160,-45,54203,36146
-55,-25,160,-50,54238,36209
-57,-23,160,-58,54466,36272
-59,-21,160,-63,54234,36335
-60,-20,160,-65,54461,36398
-60,-20,160,-65,54256,36461
-48,-32,160,-28,54568,36525
-42,-38,160,-7,54549,36588
-37,-43,160,9,54393,36652
-36,-44,160,14,54487,36715
-35,-45,160,18,54607,36779
-34,-46,160,21,54576,36842
-30,-50,160,34,54701,36905
-28,-52,160,41,54578,36969
-26,-54,160,48,54571,37032
-25,-55,160,51,54431,37095
-21,-59,160,63,54479,37158
-22,-58,160,59,54372,37222
-23,-57,160,55,54278,37285
-24,-56,160,53,54243,37348
-23,-57,160,55,54349,37412
-22,-58,160,60,54282,37476
0,-80,160,133,54364,37539
3,-83,160,143,54234,37602
5,-85,160,149,54185,37665
6,-86,160,152,54215,37728
6,-86,160,154,54229,37791
7,-87,160,155,54082,37854
7,-87,160,156,54114,37918
7,-87,160,155,54076,37981
6,-86,160,152,54037,38045
5,-85,160,150,54278,38108
5,-85,160,149,54083,38171
4,-84,160,146,54128,38234
3,-83,160,142,54305,38298
2,-82,160,139,54215,38361
0,-80,160,132,54440,38424
-2,-78,160,126,54555,38488
-5,-75,160,116,54769,38551
-13,-67,160,91,54570,38615
-19,-61,160,70,54604,38679
-23,-57,160,58,54605,38742
-30,-50,160,32,54528,38806
-38,-42,160,7,54686,38869
-45,-35,160,-17,54580,38932
-52,-28,160,-39,54316,38995
-57,-23,160,-56,54367,39058
-61,-19,160,-70,54380,39121
-64,-16,160,-81,54267,39185
-66,-14,160,-87,54266,39248
-67,-13,160,-89,54279,39312
-66,-14,160,-88,54210,39375
-66,-14,160,-86,54296,39439
-64,-16,160,-79,54295,39502
-61,-19,160,-69,54481,39565
-57,-23,160,-56,54459,39628
-52,-28,160,-41,54313,39691
-47,-33,160,-23,54424,39756
-41,-39,160,-4,54435,39819
-36,-44,160,13,54421,39882
-30,-50,160,33,54482,39946
-25,-55,160,51,54550,40009
-22,-58,160,59,54522,40073
-18,-62,160,72,54510,40136
-16,-64,160,81,54605,40199
-14,-66,160,85,54493,40262
-14,-66,160,87,54499,40325
-14,-66,160,85,54614,40389
-16,-64,160,80,54515,40452
-18,-62,160,72,54583,40516
-22,-58,160,61,54539,40579
-26,-54,160,47,54551,40643
-29,-51,160,38,54396,40706
-34,-46,160,21,54468,40769
-39,-41,160,3,54434,40832
-43,-37,160,-11,54267,40895
-48,-32,160,-26,54305,40958
-52,-28,160,-40,54238,41022
-55,-25,160,-50,54182,41085
-58,-22,160,-60,54280,41148
-60,-20,160,-65,54331,41212
-60,-20,160,-67,54224,41275
-60,-20,160,-67,54315,41339
-60,-20,160,-66,54233,41402
-58,-22,160,-61,54283,41465
-56,-24,160,-54,54295,41528
-54,-26,160,-45,54319,41591
-50,-30,160,-32,54226,41655
-46,-34,160,-20,54474,41718
-43,-37,160,-9,54440,41781
-39,-41,160,4,54350,41844
-35,-45,160,17,54420,41908
